00000000000001001100101001011000001000001111011100000110000000001000100000100001000000000101001000000
00110000011000011001000000100001101001110100000000101100000001000110001000000001010110101000000000110
11001001001010110110001000000011100000010010000000000100010010010110001010110100101110001001001001110
01110100011000010100111001100000010000000100100001001011011001100000010010000111000000000100001000000
00101010001011000101001001000000001000010000100100000010001001000100001011000010001100101000010010010
01100001101001000000000000000000100100000011010010110010000011111111101000110000000100100000010001100
11000100011011011000000000101001000000100010001100101000100101001110001100100000000100000000010010101
11110111100000000000010000010011100001000001001011000000001000000001010000101000000000110000101010010
10000100000010011000000110000011010101011000011010001100101101110000000000000000100000000100100111001
10000010101100001000100011011110011110000000001000001011000000000010100000000010000011000000100111000
11000000100001000101000010010010010000010000100001010100100110010000100001100000101100000010001101001
11010000011001001000000001111100000100101000011100100000110001001001110000010101000010000001010001100
10001001010001000100000011100000000001000000000000010000000101001000000010001100001100111001000101010
10100101010010001100011000000010000010000000001000010000010000000100001010100010111010111100000100101
01000001000010010110100100001100011000011000000100010110000101001100100000110010000100010001100000001
00010110101010010000000000010000111100000010101100000011011001010001110011000000000100010000101010001
00100001100100010000000100011011001000001000100000000001000000101001100110000000110000000000000100000
10100010000011010001001001000001000000101000010110000100011010010001000000110000010111001010101000000
10001010110011000000000000110000110000000000100101001000001000001100110010011111000010111000000100100
01001010010001001111101000001101110000010000110100001101100010100000011000000011000100100000111010010
10000001110001001010000001001101010000100000001010100000010000110101001000010100000111001101011000011
00011011000100011000101001100010010010010000000000000000000110010101011000100110000100010011000000001
00000000110101110001001101000101100000000010010000001000011100001000101001000110000000001001101010001
01010100100100000101000101010001000010000000010010010100000110011000110000010000101000000001110101000
10111100000001000100100001101100011001001010000000000000100100001000100111100001010000000101000000010
00011100010001010000000000001001000110010111000011100000100000001000000000001010001001000101001010101
11111000000010000101100000000001010100000010010110001011001000100000010010101100000101010010101000101
00101110000100000001011000001010100000010010101000001110000010000110010101100100100000000000000000001
10000100000010010010000000000101000000100101100100100001110000011001100110101001101000000000110000101
01001101001010010001010000100100000010001100000010010000010000000100100000100110000100000001000100000
00011100101011000100100110100000000011100010011100000100000000000011010000011001000100000101001000000
00101000100111000001010001010000000000000101000010001111010000010000100111110110110101000011000011000
00100000000000100000110111001010110000000110100011100111100000100000001010000000010010100101100010101
11101000010001000000000001000100110101001000001000000011110010000000001000101000101110100000000100000
00011000100010000000001111000100000101100001100000000100100000000100010001100000110000000010001000100
00000001001010100000010110010000000000010110001000000100000010000011000100110000001001100110011000011
11000111010101010100110000000001010010000001000110000011110101000011110101010001010100101000011000001
01000000100001001000010101110000101010000011000010001100000010101010001111001111100100100010111001000
00100000100100100100111000001010100100011000000000001000000100000000010100011001011101000000000001000
10100001100000001010000100000000000010010010010100001000000100111001000100100110110000000100001110110
10101000010000100011000010011000001101000110110000000000000010100010000000000101011010000111000111010
10110110011010000010110101001001000011010011010000010100000001011011001001000000010000000010100001011
00001100001000000110010100110000010011100110001010101000001011110010100000000000011000101100111010000
01101100000101000100001101001001000001101011011000100000100001000000010110100001000000010011010011010
00001001100101010010110001011001001001011001001101010011000011001100000101001010001000000000000000110
01110001000110110010000110000010001010001000100000000100100000001111000001101011110101000011010000000
00000000011110000001010100001001000111101100101000000100101000100101100100001010011101100001000001100
00000100000000010000111000100000001100000001001001011000011100000100111100000000000001001100010001110
00000100100001000101101000011001100110000000001011110000001011010101100000100111111110000000110100100
00110010001011001000010110100011101010000000100000000100000111011100000010000010100001001000010000000
00010010001001111010001000000110001011010000100000000000010000110101110000110000001001100000010110100
01111000100010000000101000000010100000001101101100001011000001000000000001010000000000110001000100000
10010100101001001010000100001110101101111000100000001001110000001011111100000010000100111001011000111
00100011000001000010100100110000111001010010011000000000010000101000001010010000010000000010010111100
00011010101010101100000100011000001011100010010000001111000101000000101111010001001000000001110001001
11100101100000010000000000011001001000101000000110010100000011000000011110100011010011100000001000010
01100110110010100000001010001000000000111110001101001000000000001100101110001010010001000101111000000
00000001000010000001001011000000010110110000011000011001000100100011000010001001100100000110001010000
00100011101010000000000001000101010000100000100100000100100100000010001000100111001000000010100111000
11000000001010011010000001000100101111000000010000000001010110000010010010010000000000010001001010001
01100000100000100000010001110010100001001001101010000000010000100111000001000000000101000011000000101
10000100010110100000000111001001000110100110000100100010100110000100010101100000100100000101000000010
00101100000000000000010011010100100000001001110010000000010000000001011000110000100000000010001001000
01000101100000101010101110000101100001000000000010000001000010000000001100000000110000010010100100010
11100001001001010000100100001001000000000001000000000000000110100000010001100111100010000000000010101
00001000100000001010001010011000100000101110000001100100011010110000011000001011000001010000100011001
11100010000000101000001100110011000001001110110001000010001010101000101110000100000000011000011000111
11101101000010000000000001000000000000011000000011010000000110010010101100000000100000100000001010001
00001011010000000000000000000000001001111000000100000000001011011001001010000000101001000000000001100
10010011000000010101011110010100001101001100001010000100101000000000001101000100011100001001000000000
00100011010010000101011100001000001101001100011100101110010010000000011000000000010000101001000000101
10010000000000101000000001011000010100110000000001001000011101011000011100100001111000000110110100001
01110100000010011001100000000100011000000000000100001110001010000010100100000100101000010110000000001
01001000000000010000000000000000001010101001011001101101000011010010000000100000111000101010010000000
00100010101101101011110010011010011001000001010100100000000110010000000010000011100000111110011001000
00110001000100000011010000000001010111000111110010010011010000100000010000010110100000010000010010001
00000001000000001001100011100001000100100100000111010001010000001011010100000100110000110011100110110
00000101000010000000100000000100001000100000000101000101000100110111000010100000000010000000000101100
10000100001000000001000101010001110100000000000000110011000000110100010000010101110011000000000000000
10011100011010101010001101001001000001000100101000000000100100000100111000000000110111100000000001011
10000000010101101011010000000100000000010110000000001001000000101000010100000000010001000000110001011
01010000110000000000000101100010011000001001101101011000010101000000001000000100100001000110000000000
10000100000100111010101000100000100001100010100100100000100100011001100001000011100010001010000000010
11111000000001000000000010100011011000010110000000000100010010101010010100010000000000001000001100001
01000110000000010000110000110010100000010001000000000111000011001101000000000000100010011101000001010
11100010101010000010101101010100001001101001100101010000000000010000001010100001010010011110100110000
10000100001000000101000001100001011101001100100001101000000000000101110001011100011001010100100000001
01000000000001100000000100000010000010000000000111011000000001111010110011001000000000000100100000000
10010000000000000010000011010101000110110011100000000101100010010010000010100100111000000000000000000
00101000000010100000011100000001000000110000010011000000101011000111101000001000000000001111100000110
10100101011001000000010000011000101000010101001000000011000000000010000000100101000000000100001100000
00010000100110000100001000001000010001111000101010100001000001010101000010011010101100111111010011100
00101001000100000001100100010000000101000000100001110000000100011000010001010110101010000111000100100
00001000110000001000000100110001001001010000001001000110000100001000000100000000001010110000000010000
00000100100010001010011000000001000000000000000110000000100000010001010100100001000011001000111101000
00000100000100010011011001000000010111000001110100001010000001100101001110000010010011100010000100000
00110001111001000001001001101001000000010100010010000000000101000000000000101100000001000011001001101
00000100001010010100000100010000000011001000011001101100000000000000100001100001101010011110011101010
01100110000010001000110000010100001100000000000100000000100010100000000010101000011111101001011001010
00010110001000000000000100100000000100000000100100010000000110001111000000000100001000000000010000000
01010001000000100000011011111010000000011011101000011100000000011000101100100100000101100000000110110
